1517885395485183000
1517885396485106945
1517885397485101938
1517885398485167980
1517885399484441995
1517885400485188007
1517885401485116004
1517885402485130071
1517885403485158920
1517885404485183000
1517885405485116004
1517885406485011100
1517885407485176086
1517885408485132932
1517885409485110998
1517885410485255002
1517885411485224962
1517885412485249042
1517885413485204935
1517885414485234975
1517885415485230922
1517885416485245943
1517885417485207080
1517885418485127925
1517885419485229015
1517885420485196113
1517885421485183954
1517885422485367059
1517885423485289096
1517885424485219001
1517885425485291004
1517885426485261917
1517885427485263109
1517885428485270023
1517885429485325098
1517885430485246896
1517885431485279083
1517885432485210895
1517885433485311985
1517885434485419034
1517885435484188079
1517885436485270977
1517885437485192060
1517885438485217094
1517885439485306978
1517885440484602928
1517885441485197067
1517885442485263109
1517885443485187053
1517885444485182046
1517885445485163927
1517885446485173940
1517885447485239982
1517885448485236883
1517885449485246896
1517885450485198974
1517885451485260963
1517885452485204935
1517885453485263109
1517885454485245943
